  -2194    2602   -1617    -2094     604    3520       68    -119     -64
  -2177    2632   -1611    -2084     556    3503       72    -115     -55
  -2177    2632   -1611    -2085     569    3589       50     -95     -45
  -2177    2632   -1611    -2116     596    3539       35     -84     -60
  -2177    2632   -1611    -2095     535    3453       69    -112     -53
  -2197    2617   -1666    -2086     594    3483       77    -111     -57
  -2197    2617   -1666    -2060     558    3540       70    -117     -48
  -2197    2617   -1666    -2094     592    3549       65    -110     -49
  -2197    2617   -1666    -2087     579    3511       83    -105     -58
  -2188    2655   -1668    -2093     579    3452       56     -88     -42
  -2188    2655   -1668    -2089     583    3530       65     -90     -50
  -2188    2655   -1668    -2097     608    3499       47     -88     -36
  -2188    2655   -1668    -2090     596    3504       63     -97     -47
  -2187    2617   -1650    -2125     553    3567       20     -79     -43
  -2187    2617   -1650    -2096     556    3524       52    -102     -40
  -2187    2617   -1650    -2090     564    3581       75    -113     -52
  -2187    2617   -1650    -2111     543    3518       62    -120     -53
  -2219    2626   -1665    -2119     551    3547       41    -101     -57
  -2219    2626   -1665    -2095     561    3534       80    -114     -40
  -2219    2626   -1665    -2120     528    3513       56     -82     -43
  -2219    2626   -1665    -2064     526    3504       63    -118     -56
  -2169    2613   -1691    -2130     564    3555       44    -132     -53
  -2169    2613   -1691    -2047     579    3467       61    -109     -46
  -2169    2613   -1691    -2072     596    3498       41     -94     -51
  -2169    2613   -1691    -2146     564    3450      105    -132     -61
  -2217    2646   -1679    -2072     580    3556       58     -95     -42
  -2217    2646   -1679    -2053     579    3527       46    -111     -55
  -2217    2646   -1679    -2096     566    3453       57    -108     -58
  -2188    2643   -1659    -2086     598    3512       61     -94     -40
  -2188    2643   -1659    -2060     579    3500       68    -130     -47
  -2188    2643   -1659    -2073     597    3523       27     -83     -54
  -2188    2643   -1659    -2118     566    3527       94     -88     -61
  -2192    2578   -1666    -2077     582    3478       69    -100     -46
  -2192    2578   -1666    -2082     558    3329       45    -102     -47
  -2192    2578   -1666    -2099     563    3495       64    -114     -52
  -2192    2578   -1666    -2088     577    3501       60    -107     -52
  -2192    2578   -1606    -2117     573    3598       36     -84     -46
  -2195    2620   -1606    -2076     570    3533       47     -91     -55
  -2195    2620   -1606    -2143     559    3331       67    -109     -49
  -2195    2620   -1606    -2121     551    3553       31     -86     -48
  -2146    2618   -1576    -2091     555    3533       73    -115     -42
  -2146    2618   -1576    -2082     566    3506       56    -117     -63
  -2146    2618   -1576    -2109     548    3554       63    -112     -55
  -2146    2618   -1576    -2077     581    3492       84    -116     -48
  -2208    2613   -1626    -2105     602    3566       90    -124     -44
  -2208    2613   -1626    -2143     559    3491       43    -100     -54
  -2208    2613   -1626    -2086     570    3528       66    -116     -45
  -2208    2613   -1626    -2053     559    3477       83    -142     -72
  -2169    2592   -1638    -2082     562    3458       76     -94     -24
  -2169    2592   -1638    -2110     584    3788       15     -59     -34
  -2169    2592   -1638    -2096     544    3518       18     -93     -84
  -2169    2592   -1638    -1813     529    3535      125    -132     -38
  -2203    2583   -1644    -2137     607    3568       91    -115     -34
  -2203    2583   -1644    -2119     567    3580       92    -109       1
  -2203    2583   -1644    -2108     562    3557        1     -80     -75
  -2203    2583   -1644    -2059     584    3482       47    -116     -50
  -2191    2600   -1655    -2118     610    3541       93     -92     -52
  -2191    2600   -1655    -2079     579    3580       65     -75     -59
  -2191    2600   -1655    -2124     546    3578       78    -118     -40
  -2191    2600   -1655    -2128     538    3469       37    -113     -42
  -2202    2640   -1598    -2028     562    3438       44    -112     -55
  -2202    2640   -1598    -2135     549    3559       66    -107     -46
  -2202    2640   -1598    -2104     598    3507       35     -76     -59
  -2202    2640   -1598    -2081     581    3526       38     -67     -52
  -2203    2607   -1618    -2141     555    3530       40     -85     -32
  -2203    2607   -1618    -2104     578    3506       84    -178     -61
  -2203    2607   -1618    -2074     538    3469       73    -156     -70
  -2203    2607   -1618    -2058     600    3506       50     -99     -56
  -2199    2629   -1631    -2055     563    3479       71     -77     -55
  -2199    2629   -1631    -2128     550    3567       62     -67     -63
  -2199    2629   -1631    -2164     568    3580       51     -81     -75
  -2199    2629   -1631    -2159     593    3516       97    -160     -35
  -2195    2647   -1597    -2092     553    3502       72    -165     -32
  -2195    2647   -1597    -2053     585    3460       69    -149     -58
  -2195    2647   -1597    -2053     575    3484       65    -113     -55
  -2195    2647   -1597    -2116     562    3460       47     -55     -47
  -2197    2659   -1624    -2119     554    3485       47     -69     -70
  -2197    2659   -1624    -2099     579    3590       25     -85     -56
  -2197    2659   -1624    -1917     604    3481       51    -108     -43
  -2157    2639   -1627    -2147     569    3515       74    -119     -33
  -2157    2639   -1627    -2067     535    3497       59     -91     -33
  -2157    2639   -1627    -2043     583    3531       41     -81     -65
  -2157    2639   -1627    -2151     531    3471       50     -72     -58
  -2204    2621   -1579    -1847     584    3549       67     -71     -39
  -2204    2621   -1579    -2123     547    3549       54     -96     -48
  -2204    2621   -1579    -2137     579    3562       66    -130     -54
  -2204    2621   -1579    -2085     554    3475       82    -136     -35
  -2180    2626   -1669    -2081     569    3537       69    -132     -54
  -2180    2626   -1669    -2079     597    3548       49     -91     -71
  -2180    2626   -1669    -2105     603    3637       59     -80     -51
  -2180    2626   -1669    -2166     560    3546       74    -105     -34
  -2223    2637   -1650    -2112     559    3506       56    -112     -44
  -2223    2637   -1650    -2112     568    3516       82    -115     -43
  -2223    2637   -1650    -2068     550    3480       89    -126     -44
  -2223    2637   -1650    -2064     548    3482       46    -115     -57
  -2170    2646   -1642    -2071     539    3420       57     -97     -63
  -2170    2646   -1642    -2097     569    3489       82    -119     -69
  -2170    2646   -1642    -2090     544    3518       46     -75     -32
  -2170    2646   -1642    -2105     575    3557       15     -73     -28
  -2137    2664   -1622    -2081     573    3516       40     -83     -46
  -2137    2664   -1622    -2114     556    3576       73    -115     -46
  -2137    2664   -1622    -2069     601    3512       75    -121     -57
  -2163    2614   -1617    -2123     583    3477       67    -114     -54
  -2163    2614   -1617    -2102     574    3513       76    -104     -46
  -2163    2614   -1617    -2129     555    3508       58    -131     -61
  -2163    2614   -1617    -2095     571    3551       22     -74     -58
  -2183    2643   -1583    -2118     572    3537       55     -71     -55
  -2183    2643   -1583    -2083     571    3578       75    -112     -25
  -2183    2643   -1583    -2121     554    3503       42     -98     -31
  -2183    2643   -1583    -2078     582    3483       29     -90     -75
  -2247    2624   -1618    -2063     605    3417       45     -75     -27
  -2247    2624   -1618    -2086     590    3527       69     -77     -41
  -2247    2624   -1618    -2115     567    3587       29     -78     -80
  -2247    2624   -1618    -2126     610    3580       35     -83     -25
  -2197    2665   -1648    -2066     566    3453       62    -126     -33
  -2197    2665   -1648    -2031     573    3416       58    -110     -73
  -2197    2665   -1648    -2096     612    3480       26     -95     -59
  -2197    2665   -1648    -2056     568    3477       48     -91     -29
  -2216    2643   -1633    -2051     557    3390       65     -90     -48
  -2216    2643   -1633    -2096     560    3560       41     -79     -75
  -2216    2643   -1633    -2072     578    3613       51    -102     -44
  -2216    2643   -1633    -2119     561    3561       82    -103     -11
  -2170    2619   -1597    -2094     580    3449       51    -109     -51
  -2170    2619   -1597    -2072     612    3505       69    -113     -65
  -2170    2619   -1597    -2118     564    3472       18     -57     -60
  -2170    2619   -1597    -2107     544    3448       53     -88     -35
  -2180    2644   -1621    -2084     584    3515       42    -110     -70
  -2180    2644   -1621    -2117     587    3547       79    -108     -56
  -2180    2644   -1621    -2127     544    3464       47     -90     -25
  -2180    2644   -1621    -2079     538    3439       73    -108     -45
  -2162    2618   -1624    -2094     570    3512       48     -95     -61
  -2162    2618   -1624    -2083     621    3571       42     -93     -53
  -2162    2618   -1624    -2085     585    3470       51     -96     -26
  -2162    2618   -1624    -2084     556    3539       82     -99     -57
  -2216    2630   -1624    -2088     574    3571       70     -83     -66
  -2216    2630   -1624    -2057     585    3537       57    -124     -39
  -2216    2630   -1624    -2089     605    3721       19     -67     -33
  -2216    2630   -1624    -2089     561    3479       47     -92     -43
  -2224    2625   -1649    -2106     584    3491       54     -99     -67
  -2224    2625   -1649    -2091     593    3548       47     -88     -39
  -2224    2625   -1649    -2132     570    3472       52     -86     -29
  -2224    2625   -1649    -2083     549    3576       78    -115     -66
  -2216    2605   -1597    -2137     569    3502        4    -120     -62
  -2216    2605   -1597    -2087     607    3515       38     -89     -40
  -2216    2605   -1597    -2130     576    3501       77    -101     -64
  -2216    2605   -1597    -2165     555    3555       81    -105     -53
  -2215    2627   -1649    -2081     543    3533       44     -99     -24
  -2215    2627   -1649    -2112     560    3448       65    -126     -46
  -2215    2627   -1649    -2100     582    3538       61    -106     -56
  -2215    2627   -1649    -2073     560    3604        2     -60     -65
  -2213    2583   -1575    -2079     543    3467       60    -103     -40
  -2213    2583   -1575    -2082     532    3481       45     -74     -53
  -2213    2583   -1575    -2113     561    3508       35    -101     -62
  -2213    2583   -1575    -2095     574    3560       49    -111     -53
  -2199    2635   -1596    -2116     564    3477       64    -104     -39
  -2199    2635   -1596    -2070     602    3482       78    -107     -56
  -2199    2635   -1596    -2097     597    3569       21    -119     -65
  -2199    2635   -1596    -2088     584    3566       56     -98     -43
  -2222    2646   -1591    -2120     584    3541       88    -118     -32
  -2222    2646   -1591    -2061     528    3504       26    -102     -66
  -2222    2646   -1591    -2041     599    3445       30    -122     -61
  -2222    2646   -1591    -2101     533    3506       68    -109     -34
  -2216    2619   -1563    -2088     592    3559       47    -111     -61
  -2216    2619   -1563    -2104     634    3485       43    -114     -64
  -2216    2619   -1563    -2078     594    3430       57    -117     -44
  -2216    2619   -1563    -2079     581    3445       49     -80     -23
  -2215    2613   -1647    -2152     548    3576       54    -105     -48
  -2215    2613   -1647    -2087     581    3569       44    -102     -53
  -2215    2613   -1647    -2141     598    3566       48    -117     -54
  -2201    2648   -1629    -2126     578    3506       91    -110     -61
  -2201    2648   -1629    -2077     583    3514       49     -90     -53
  -2201    2648   -1629    -2077     565    3517       58     -85     -35
  -2201    2648   -1629    -2143     531    3589       71    -101     -43
  -2210    2649   -1629    -2115     557    3495       24     -93     -42
  -2210    2649   -1629    -2127     579    3498       76    -120     -32
  -2210    2649   -1629    -2090     594    3467       78    -101     -40
  -2210    2649   -1629    -2075     559    3488       61    -101     -68
  -2218    2635   -1629    -2080     574    3479       36     -98     -61
  -2218    2635   -1629    -2081     555    3519       38     -72     -42
  -2218    2635   -1629    -2121     589    3571       91    -120     -47
  -2218    2635   -1629    -2071     575    3535       86    -142     -44
  -2188    2637   -1582    -2088     538    3536       33    -108     -54
  -2188    2637   -1582    -2095     573    3427       32    -106     -54
  -2188    2637   -1582    -2083     589    3513       79    -109     -37
  -2188    2637   -1582    -2084     560    3574       74     -92     -46
  -2204    2629   -1651    -2093     547    3473       77     -96     -48
  -2204    2629   -1651    -2080     582    3521       32     -85     -45
  -2204    2629   -1651    -2126     564    3601       47    -100     -47
  -2204    2629   -1651    -2066     578    3501       85    -138     -66
  -2225    2622   -1633    -2105     577    3469       76    -126     -54
  -2225    2622   -1633    -2100     596    3471       66    -124     -56
  -2225    2622   -1633    -2108     574    3491       84    -109     -62
  -2225    2622   -1633    -2073     604    3507       62     -83     -49
  -2202    2627   -1689    -2136     550    3537       66    -107     -52
  -2202    2627   -1689    -2106     556    3563       45    -109     -44
  -2202    2627   -1689    -2096     544    3558       44     -99     -54
  -2202    2627   -1689    -2068     613    3479       47     -87     -43
  -2172    2626   -1657    -2087     599    3540       61     -82     -41
  -2172    2626   -1657    -2110     568    3529       47     -94     -64
  -2172    2626   -1657    -2096     570    3530       62     -91     -43
  -2174    2618   -1646    -2108     548    3557       74    -117     -45
  -2174    2618   -1646    -2102     558    3464       34     -99     -62
  -2174    2618   -1646    -2061     575    3478       54    -112     -54
  -2174    2618   -1646    -2073     585    3478      100    -113     -37
  -2178    2633   -1618    -2115     617    3497       43     -80     -30
  -2178    2633   -1618    -2091     571    3545       49     -86     -48
  -2178    2633   -1618    -2120     558    3491       67    -131     -36
  -2178    2633   -1618    -2083     577    3477       63    -113     -56
  -2186    2625   -1668    -2049     569    3598       73    -130     -67
  -2186    2625   -1668    -2084     560    3526       49     -81     -50
  -2186    2625   -1668    -2112     592    3517       41     -86     -45
  -2186    2625   -1668    -2114     564    3340       69     -99     -59
  -2195    2641   -1667    -2103     571    3528       29     -72     -35
  -2195    2641   -1667    -2106     552    3502        8     -66     -20
  -2195    2641   -1667    -2098     536    3515       76    -114     -47
  -2146    2671   -1634    -2062     570    3542       85    -120     -53
  -2146    2671   -1634    -2082     536    3508       53     -92     -43
  -2146    2671   -1634    -2046     562    3483       68    -103     -47
  -2146    2671   -1634    -2088     524    3598      104    -142     -75
  -2176    2665   -1597    -2058     584    3586       65    -107     -34
  -2176    2665   -1597    -2075     589    3463       43    -112     -57
  -2176    2665   -1597    -2044     548    3567       53    -109     -60
  -2176    2665   -1597    -2100     532    3481       60     -95     -25
  -2177    2668   -1612    -2084     570    3530       13     -92     -70
  -2177    2668   -1612    -2080     582    3485       64    -107     -39
  -2177    2668   -1612    -2072     766    3475       29    -103     -68
